       3.656        0.981
       3.611        0.958
       3.558        0.931
       3.512        0.907
       3.504        0.904
       3.458        0.880
       3.451        0.877
       3.397        0.850
       3.344        0.823
       3.336        0.820
       3.282        0.793
       3.275        0.790
       3.214        0.761
       3.153        0.732
       3.145        0.729
       3.077        0.698
       3.003        0.664
       2.929        0.632
       2.921        0.629
       2.848        0.598
       2.841        0.595
       2.763        0.563
       2.756        0.560
       2.749        0.558
       2.665        0.525
       2.659        0.523
       2.572        0.489
       2.565        0.487
       2.559        0.485
       2.469        0.452
       2.463        0.450
       2.457        0.449
       2.361        0.415
       2.355        0.413
       2.350        0.412
       2.247        0.377
       2.242        0.376
       2.237        0.374
       2.134        0.341
       2.130        0.340
       2.126        0.339
       2.122        0.338
       2.118        0.337
       2.022        0.303
       2.020        0.303
       2.017        0.302
       2.015        0.301
       2.012        0.300
       2.010        0.300
       1.962        0.267
       1.963        0.267
       1.964        0.266
       1.964        0.266
       1.965        0.266
       1.966        0.265
       1.967        0.265
       1.968        0.265
       1.969        0.265
       1.971        0.264
       1.972        0.264
       1.974        0.264
       1.975        0.263
       1.977        0.263
       2.383        0.263
       2.393        0.263
       2.403        0.264
       2.413        0.264
       2.424        0.264
       2.434        0.265
       2.445        0.265
       2.456        0.265
       2.467        0.265
       2.478        0.266
       2.489        0.266
       2.501        0.266
       2.512        0.267
       2.524        0.267
       3.179        0.300
       3.198        0.300
       3.217        0.301
       3.236        0.302
       3.256        0.303
       3.275        0.303
       3.851        0.337
       3.875        0.338
       3.900        0.339
       3.924        0.340
       3.949        0.341
       4.493        0.374
       4.521        0.376
       4.550        0.377
       5.076        0.412
       5.107        0.413
       5.139        0.415
       5.614        0.449
       5.648        0.450
       5.682        0.452
       6.117        0.485
       6.153        0.487
       6.189        0.489
       6.605        0.523
       6.643        0.525
       7.033        0.558
       7.072        0.560
       7.110        0.563
       7.469        0.595
       7.508        0.598
       7.832        0.629
       7.871        0.632
       8.196        0.664
       8.520        0.698
       8.803        0.729
       8.842        0.732
       9.083        0.761
       9.322        0.790
       9.361        0.793
       9.557        0.820
       9.596        0.823
       9.790        0.850
       9.981        0.877
      10.018        0.880
      10.168        0.904
      10.205        0.907
      10.353        0.931
      10.534        0.958
      10.677        0.981
      10.817        1.005
      10.954        1.029
      11.055        1.049
      11.089        1.052
      11.188        1.072
      11.285        1.092
      11.318        1.095
      11.414        1.115
      11.508        1.134
      11.600        1.153
      11.690        1.172
      11.749        1.189
      11.837        1.207
      11.893        1.223
      11.979        1.240
      12.034        1.256
      12.170        1.287
      12.223        1.302
      12.275        1.316
      12.326        1.330
      12.377        1.344
      12.449        1.369
      12.498        1.382
      12.547        1.394
      12.568        1.405
      12.616        1.417
      12.685        1.439
      12.752        1.461
      12.772        1.471
      12.838        1.490
      12.858        1.500
      12.878        1.509
      12.963        1.536
      12.982        1.544
      13.002        1.553
      13.021        1.561
      13.041        1.569
      13.060        1.577
      13.080        1.584
      13.099        1.592
      13.118        1.599
      13.138        1.606
      13.190        1.634
      13.210        1.641
      13.229        1.647
      13.263        1.666
      13.282        1.671
      13.297        1.684
      13.316        1.689
      13.332        1.701
      13.351        1.705
      13.366        1.716
      13.382        1.727
      13.401        1.731
      13.417        1.741
      13.433        1.751
      13.449        1.760
      13.466        1.769
      13.482        1.778
      13.499        1.786
      13.513        1.800
      13.530        1.807
      13.547        1.814
      13.562        1.826
      13.577        1.838
      13.593        1.849
      13.609        1.859
      13.625        1.868
      13.642        1.877
      13.658        1.890
      13.674        1.903
      13.691        1.914
      13.708        1.924
      13.707        1.929
      13.725        1.938
      13.724        1.942
      13.743        1.950
      13.742        1.954
      13.762        1.965
      13.761        1.969
      13.760        1.973
      13.781        1.983
      13.781        1.986
      13.780        1.990
      13.802        2.001
      13.802        2.005
      13.802        2.008
      13.826        2.023
      13.826        2.026
      13.826        2.030
      13.827        2.033
      13.855        2.053
      13.856        2.056
      13.857        2.058
      13.858        2.061
      13.859        2.064
      13.860        2.066
      13.861        2.069
      13.924        2.145
      13.926        2.147
      13.928        2.148
      13.931        2.149
      13.933        2.151
      13.936        2.152
      13.938        2.153
      13.948        2.179
      13.951        2.180
      13.954        2.181
      13.957        2.182
      13.969        2.203
      13.966        2.202
      13.962        2.202
      13.978        2.220
      13.975        2.220
      13.971        2.219
      13.987        2.235
      13.983        2.235
      13.979        2.235
      13.993        2.249
      13.989        2.249
      13.997        2.261
      13.992        2.262
      14.002        2.273
      13.997        2.274
      14.004        2.284
      14.007        2.295
      14.011        2.305
      14.015        2.314
      14.016        2.324
      14.017        2.334
      14.019        2.343
      14.021        2.351
      14.024        2.359
      14.028        2.366
      14.027        2.375
      14.025        2.384
      14.031        2.389
      14.030        2.397
      14.030        2.405
      14.031        2.412
      14.031        2.419
      14.032        2.425
      14.034        2.432
      14.028        2.441
      14.031        2.447
      14.033        2.452
      14.028        2.460
      14.032        2.465
      14.027        2.473
      14.031        2.477
      14.027        2.485
      14.028        2.496
      14.025        2.503
      14.022        2.510
      14.022        2.525
      14.020        2.532
      14.017        2.538
      14.015        2.544
      14.013        2.550
      14.011        2.555
      14.010        2.561
      14.008        2.566
      14.007        2.571
      14.006        2.576
      13.992        2.600
      13.992        2.604
      13.992        2.608
      13.981        2.625
      13.981        2.628
      13.972        2.644
      13.963        2.659
      13.954        2.671
      13.955        2.673
      13.946        2.684
      13.938        2.694
      13.932        2.706
      13.924        2.715
      13.916        2.724
      13.909        2.733
      13.902        2.742
      13.879        2.766
      13.872        2.773
      13.856        2.789
      13.850        2.795
      13.835        2.809
      13.829        2.814
      13.814        2.827
      13.800        2.840
      13.786        2.851
      13.771        2.862
      13.762        2.870
      13.748        2.880
      13.735        2.890
      13.726        2.897
      13.712        2.906
      13.689        2.921
      13.667        2.935
      13.645        2.949
      13.614        2.968
      13.592        2.979
      13.583        2.985
      13.561        2.996
      13.552        3.002
      13.522        3.018
      13.491        3.032
      13.482        3.038
      13.451        3.051
      13.442        3.056
      13.403        3.074
      13.363        3.089
      13.354        3.095
      13.305        3.114
      13.247        3.136
      13.188        3.156
      13.179        3.161
      13.120        3.179
      13.111        3.183
      13.043        3.203
      13.034        3.207
      13.025        3.211
      12.946        3.232
      12.938        3.236
      12.849        3.257
      12.840        3.261
      12.831        3.264
      12.732        3.285
      12.723        3.289
      12.714        3.292
      12.595        3.315
      12.585        3.318
      12.576        3.321
      12.427        3.346
      12.418        3.349
      12.409        3.352
      12.229        3.377
      12.219        3.379
      12.210        3.382
      12.201        3.384
      12.191        3.386
      11.949        3.412
      11.940        3.414
      11.930        3.415
      11.921        3.417
      11.911        3.419
      11.902        3.420
      11.487        3.448
      11.477        3.449
      11.468        3.450
      11.458        3.450
      11.448        3.451
      11.438        3.452
      11.429        3.453
      11.419        3.454
      11.409        3.454
      11.399        3.455
      11.389        3.456
      11.380        3.456
      11.370        3.457
      11.360        3.458
      10.617        3.458
      10.606        3.457
      10.596        3.456
      10.586        3.456
      10.575        3.455
      10.565        3.454
      10.555        3.454
      10.544        3.453
      10.534        3.452
      10.524        3.451
      10.513        3.450
      10.503        3.450
      10.493        3.449
      10.482        3.448
      10.040        3.420
      10.030        3.419
      10.019        3.417
      10.008        3.415
       9.997        3.414
       9.987        3.412
       9.718        3.386
       9.707        3.384
       9.696        3.382
       9.685        3.379
       9.674        3.377
       9.466        3.352
       9.455        3.349
       9.444        3.346
       9.267        3.321
       9.255        3.318
       9.244        3.315
       9.098        3.292
       9.087        3.289
       9.075        3.285
       8.950        3.264
       8.939        3.261
       8.927        3.257
       8.812        3.236
       8.800        3.232
       8.695        3.211
       8.683        3.207
       8.671        3.203
       8.577        3.183
       8.565        3.179
       8.481        3.161
       8.469        3.156
       8.384        3.136
       8.298        3.114
       8.223        3.095
       8.210        3.089
       8.147        3.074
       8.083        3.056
       8.070        3.051
       8.017        3.038
       8.004        3.032
       7.951        3.018
       7.897        3.002
       7.884        2.996
       7.843        2.985
       7.829        2.979
       7.787        2.968
       7.730        2.949
       7.687        2.935
       7.643        2.921
       7.598        2.906
       7.566        2.897
       7.552        2.890
       7.520        2.880
       7.488        2.870
       7.473        2.862
       7.440        2.851
       7.406        2.840
       7.372        2.827
       7.338        2.814
       7.317        2.809
       7.282        2.795
       7.260        2.789
       7.224        2.773
       7.202        2.766
       7.142        2.742
       7.119        2.733
       7.095        2.724
       7.072        2.715
       7.047        2.706
       7.014        2.694
       6.989        2.684
       6.964        2.673
       6.954        2.671
       6.929        2.659
       6.892        2.644
       6.855        2.628
       6.844        2.625
       6.805        2.608
       6.793        2.604
       6.782        2.600
       6.729        2.576
       6.717        2.571
       6.704        2.566
       6.691        2.561
       6.678        2.555
       6.665        2.550
       6.652        2.544
       6.639        2.538
       6.625        2.532
       6.612        2.525
       6.573        2.510
       6.559        2.503
       6.544        2.496
       6.517        2.485
       6.502        2.477
       6.490        2.473
       6.474        2.465
       6.461        2.460
       6.445        2.452
       6.432        2.447
       6.418        2.441
       6.401        2.432
       6.387        2.425
       6.372        2.419
       6.356        2.412
       6.341        2.405
       6.325        2.397
       6.308        2.389
       6.293        2.384
       6.276        2.375
       6.258        2.366
       6.242        2.359
       6.224        2.351
       6.206        2.343
       6.188        2.334
       6.168        2.324
       6.149        2.314
       6.129        2.305
       6.108        2.295
       6.086        2.284
       6.062        2.274
       6.063        2.273
       6.039        2.261
       6.038        2.262
       6.014        2.249
       6.012        2.249
       5.986        2.235
       5.984        2.235
       5.983        2.235
       5.955        2.220
       5.953        2.220
       5.951        2.219
       5.921        2.203
       5.918        2.202
       5.916        2.202
       5.879        2.182
       5.876        2.181
       5.874        2.180
       5.871        2.179
       5.822        2.153
       5.819        2.152
       5.816        2.151
       5.813        2.149
       5.810        2.148
       5.806        2.147
       5.803        2.145
       5.653        2.069
       5.649        2.066
       5.644        2.064
       5.640        2.061
       5.635        2.058
       5.630        2.056
       5.626        2.053
       5.584        2.033
       5.579        2.030
       5.574        2.026
       5.568        2.023
       5.537        2.008
       5.531        2.005
       5.526        2.001
       5.502        1.990
       5.496        1.986
       5.491        1.983
       5.470        1.973
       5.464        1.969
       5.458        1.965
       5.436        1.954
       5.430        1.950
       5.412        1.942
       5.406        1.938
       5.387        1.929
       5.380        1.924
       5.360        1.914
       5.338        1.903
       5.316        1.890
       5.292        1.877
       5.274        1.868
       5.256        1.859
       5.237        1.849
       5.217        1.838
       5.197        1.826
       5.175        1.814
       5.161        1.807
       5.147        1.800
       5.123        1.786
       5.108        1.778
       5.092        1.769
       5.075        1.760
       5.058        1.751
       5.041        1.741
       5.023        1.731
       5.014        1.727
       4.995        1.716
       4.976        1.705
       4.966        1.701
       4.946        1.689
       4.935        1.684
       4.914        1.671
       4.903        1.666
       4.870        1.647
       4.858        1.641
       4.846        1.634
       4.797        1.606
       4.784        1.599
       4.770        1.592
       4.757        1.584
       4.743        1.577
       4.729        1.569
       4.714        1.561
       4.700        1.553
       4.685        1.544
       4.670        1.536
       4.620        1.509
       4.605        1.500
       4.588        1.490
       4.552        1.471
       4.535        1.461
       4.496        1.439
       4.456        1.417
       4.434        1.405
       4.415        1.394
       4.392        1.382
       4.368        1.369
       4.325        1.344
       4.300        1.330
       4.275        1.316
       4.249        1.302
       4.223        1.287
       4.165        1.256
       4.138        1.240
       4.104        1.223
       4.077        1.207
       4.042        1.189
       4.014        1.172
       3.979        1.153
       3.943        1.134
       3.907        1.115
       3.871        1.095
       3.864        1.092
       3.827        1.072
       3.791        1.052
       3.783        1.049
       3.746        1.029
       3.701        1.005
