      10.795        5.371
      10.791        5.356
      10.804        5.386
      10.786        5.341
      10.812        5.400
      10.801        5.372
      10.797        5.358
      10.810        5.388
      10.792        5.342
      10.818        5.402
      10.806        5.374
      10.825        5.416
      10.802        5.359
      10.815        5.389
      10.797        5.343
      10.791        5.326
      10.824        5.404
      10.812        5.375
      10.807        5.360
      10.831        5.418
      10.821        5.391
      10.802        5.344
      10.838        5.431
      10.796        5.327
      10.817        5.377
      10.829        5.406
      10.812        5.361
      10.837        5.420
      10.826        5.392
      10.807        5.345
      10.844        5.433
      10.801        5.327
      10.822        5.378
      10.835        5.407
      10.851        5.445
      10.818        5.363
      10.843        5.422
      10.832        5.394
      10.812        5.346
      10.806        5.328
      10.850        5.435
      10.828        5.379
      10.841        5.409
      10.857        5.447
      10.823        5.364
      10.863        5.459
      10.849        5.423
      10.837        5.395
      10.817        5.347
      10.810        5.329
      10.803        5.310
      10.856        5.437
      10.833        5.381
      10.846        5.411
      10.863        5.450
      10.828        5.365
      10.869        5.462
      10.822        5.348
      10.854        5.425
      10.843        5.397
      10.874        5.473
      10.815        5.329
      10.808        5.310
      10.862        5.439
      10.838        5.382
      10.852        5.412
      10.869        5.452
      10.833        5.366
      10.827        5.348
      10.875        5.464
      10.848        5.398
      10.860        5.427
      10.820        5.330
      10.880        5.475
      10.812        5.311
      10.843        5.383
      10.868        5.441
      10.857        5.414
      10.838        5.367
      10.875        5.454
      10.832        5.349
      10.853        5.399
      10.881        5.466
      10.825        5.331
      10.866        5.428
      10.817        5.311
      10.887        5.477
      10.892        5.488
      10.849        5.384
      10.873        5.442
      10.862        5.415
      10.843        5.367
      10.880        5.456
      10.837        5.350
      10.830        5.331
      10.859        5.401
      10.822        5.311
      10.871        5.430
      10.887        5.468
      10.893        5.480
      10.854        5.385
      10.898        5.491
      10.902        5.501
      10.879        5.444
      10.868        5.417
      10.848        5.368
      10.842        5.350
      10.886        5.458
      10.834        5.331
      10.826        5.311
      10.864        5.402
      10.877        5.432
      10.893        5.470
      10.859        5.386
      10.899        5.482
      10.904        5.493
      10.885        5.446
      10.853        5.369
      10.873        5.418
      10.908        5.503
      10.846        5.351
      10.839        5.332
      10.831        5.312
      10.892        5.460
      10.869        5.403
      10.882        5.433
      10.899        5.472
      10.864        5.387
      10.905        5.484
      10.858        5.370
      10.890        5.448
      10.879        5.419
      10.910        5.495
      10.851        5.351
      10.915        5.506
      10.919        5.515
      10.844        5.332
      10.835        5.312
      10.898        5.461
      10.874        5.404
      10.887        5.435
      10.869        5.388
      10.905        5.474
      10.863        5.370
      10.911        5.486
      10.884        5.420
      10.896        5.449
      10.856        5.352
      10.848        5.332
      10.840        5.312
      10.916        5.498
      10.921        5.508
      10.925        5.518
      10.879        5.405
      10.903        5.463
      10.893        5.436
      10.874        5.389
      10.910        5.476
      10.868        5.371
      10.861        5.352
      10.889        5.422
      10.917        5.488
      10.844        5.312
      10.901        5.451
      10.853        5.333
      10.922        5.500
      10.935        5.529
      10.927        5.511
      10.884        5.406
      10.931        5.520
      10.909        5.465
      10.898        5.437
      10.879        5.389
      10.872        5.372
      10.916        5.478
      10.865        5.353
      10.848        5.312
      10.857        5.333
      10.894        5.423
      10.907        5.452
      10.923        5.491
      10.928        5.502
      10.889        5.407
      10.933        5.513
      10.941        5.532
      10.938        5.523
      10.915        5.467
      10.903        5.439
      10.884        5.390
      10.877        5.372
      10.870        5.353
      10.853        5.312
      10.922        5.480
      10.862        5.333
      10.899        5.424
      10.912        5.454
      10.928        5.493
      10.894        5.408
      10.934        5.504
      10.951        5.543
      10.888        5.391
      10.920        5.468
      10.939        5.515
      10.909        5.440
      10.948        5.535
      10.944        5.526
      10.882        5.373
      10.857        5.312
      10.874        5.353
      10.866        5.333
      10.927        5.482
      10.904        5.425
      10.917        5.455
      10.934        5.495
      10.899        5.409
      10.940        5.506
      10.893        5.391
      10.926        5.470
      10.914        5.441
      10.945        5.518
      10.886        5.373
      10.957        5.546
      10.861        5.311
      10.879        5.354
      10.870        5.333
      10.950        5.528
      10.954        5.537
      10.909        5.426
      10.933        5.484
      10.923        5.457
      10.904        5.410
      10.940        5.496
      10.898        5.392
      10.946        5.509
      10.866        5.311
      10.919        5.442
      10.891        5.373
      10.931        5.471
      10.875        5.333
      10.966        5.557
      10.883        5.354
      10.951        5.520
      10.964        5.549
      10.956        5.530
      10.960        5.540
      10.914        5.427
      10.939        5.485
      10.928        5.458
      10.909        5.410
      10.946        5.498
      10.903        5.393
      10.870        5.311
      10.896        5.374
      10.879        5.333
      10.888        5.354
      10.924        5.443
      10.936        5.473
      10.952        5.511
      10.973        5.560
      10.957        5.522
      10.919        5.428
      10.970        5.552
      10.962        5.533
      10.966        5.543
      10.944        5.487
      10.933        5.459
      10.914        5.411
      10.907        5.393
      10.874        5.311
      10.951        5.500
      10.900        5.374
      10.883        5.333
      10.892        5.354
      10.929        5.444
      10.942        5.474
      10.958        5.513
      10.981        5.570
      10.924        5.429
      10.963        5.524
      10.979        5.563
      10.968        5.535
      10.976        5.554
      10.950        5.488
      10.973        5.545
      10.919        5.412
      10.939        5.460
      10.878        5.310
      10.912        5.394
      10.888        5.333
      10.905        5.374
      10.897        5.354
      10.957        5.502
      10.934        5.445
      10.947        5.476
      10.963        5.514
      10.929        5.429
      10.988        5.573
      10.969        5.526
      10.923        5.412
      10.986        5.565
      10.955        5.490
      10.974        5.537
      10.944        5.462
      10.882        5.310
      10.983        5.557
      10.979        5.547
      10.917        5.394
      10.892        5.332
      10.909        5.374
      10.901        5.354
      10.962        5.504
      10.939        5.446
      10.952        5.477
      10.996        5.583
      10.934        5.430
      10.969        5.516
      10.928        5.413
      10.994        5.576
      10.975        5.528
      10.949        5.463
      10.960        5.491
      10.896        5.332
      10.921        5.394
      10.905        5.354
      10.980        5.539
      10.914        5.375
      10.992        5.568
      10.985        5.550
      10.989        5.559
      10.944        5.447
      10.968        5.505
      10.958        5.478
      10.939        5.431
      10.975        5.518
      11.003        5.586
      10.933        5.413
      10.900        5.332
      10.926        5.394
      10.909        5.354
      10.954        5.464
      10.981        5.530
      10.918        5.375
      10.966        5.493
      11.001        5.579
      10.986        5.542
      10.998        5.571
      10.991        5.552
      10.995        5.562
      10.949        5.448
      10.973        5.507
      10.963        5.479
      10.944        5.431
      11.010        5.595
      10.937        5.414
      10.980        5.520
      10.904        5.331
      10.930        5.395
      10.914        5.354
      10.922        5.375
      10.959        5.465
      11.009        5.589
      10.971        5.494
      10.987        5.532
      11.007        5.582
      10.992        5.544
      10.954        5.449
      11.004        5.573
      10.997        5.554
      11.001        5.564
      10.979        5.508
      10.968        5.481
      10.948        5.432
      10.908        5.331
      10.942        5.414
      10.918        5.353
      10.935        5.395
      10.927        5.375
      10.986        5.522
      11.017        5.599
      10.964        5.466
      10.976        5.496
      10.992        5.534
      11.016        5.592
      10.959        5.450
      10.998        5.546
      11.014        5.584
      11.003        5.557
      11.011        5.576
      10.984        5.510
      10.953        5.433
      11.007        5.567
      10.973        5.482
      10.912        5.331
      10.947        5.414
      10.922        5.353
      10.939        5.395
      10.931        5.375
      10.991        5.523
      10.969        5.467
      11.024        5.602
      10.982        5.497
      10.998        5.536
      10.964        5.450
      11.022        5.595
      11.004        5.548
      10.916        5.330
      10.958        5.433
      11.020        5.587
      10.990        5.511
      10.978        5.483
      11.009        5.559
      10.926        5.353
      10.951        5.415
      11.017        5.578
      11.013        5.569
      10.935        5.374
      10.943        5.395
      11.031        5.611
      10.974        5.467
      10.997        5.525
      10.987        5.498
      10.968        5.451
      11.030        5.604
      11.003        5.538
      10.920        5.329
      10.962        5.434
      10.930        5.352
      11.029        5.597
      11.009        5.550
      10.955        5.415
      10.983        5.484
      10.939        5.374
      10.995        5.513
      10.948        5.395
      11.015        5.561
      11.026        5.589
      11.019        5.571
      11.023        5.581
      10.979        5.468
      11.002        5.526
      11.038        5.614
      10.992        5.499
      10.973        5.452
      10.924        5.329
      11.009        5.539
      10.967        5.434
      10.934        5.352
      11.037        5.607
      10.960        5.415
      10.943        5.374
      10.952        5.395
      10.988        5.485
      11.015        5.552
      11.000        5.514
      11.035        5.600
      11.020        5.563
      11.032        5.592
      11.045        5.622
      11.025        5.573
      11.029        5.583
      10.983        5.469
      11.008        5.528
      10.928        5.328
      10.997        5.500
      10.978        5.452
      11.044        5.617
      10.938        5.351
      10.971        5.434
      11.015        5.541
      10.948        5.374
      10.964        5.415
      10.956        5.395
      10.993        5.486
      11.043        5.610
      11.005        5.515
      11.021        5.553
      11.041        5.603
      11.026        5.565
      10.988        5.470
      11.039        5.595
      11.031        5.576
      10.932        5.327
      11.035        5.585
      11.051        5.626
      11.013        5.529
      10.983        5.453
      11.002        5.501
      10.942        5.351
      10.976        5.435
      10.952        5.373
      10.969        5.415
      10.961        5.395
      11.020        5.543
      11.051        5.620
      10.998        5.486
      11.011        5.517
      11.026        5.555
      11.050        5.613
      11.058        5.634
      10.993        5.470
      10.936        5.327
      11.032        5.567
      11.047        5.605
      10.946        5.350
      10.987        5.453
      11.037        5.578
      11.045        5.597
      11.018        5.531
      11.041        5.588
      11.007        5.502
      10.956        5.373
      10.980        5.435
      10.965        5.395
      11.058        5.629
      10.973        5.415
      11.025        5.544
      11.003        5.487
      11.057        5.623
      11.016        5.518
      10.939        5.326
      11.032        5.557
      10.998        5.471
      11.056        5.616
      10.950        5.350
      11.065        5.637
      10.992        5.454
      11.038        5.569
      10.960        5.373
      11.054        5.608
      11.012        5.503
      11.024        5.532
      10.985        5.435
      10.969        5.394
      11.043        5.580
      10.977        5.415
      11.051        5.599
      11.047        5.590
      11.065        5.632
      11.008        5.488
      11.031        5.546
      11.021        5.519
      11.002        5.472
      10.954        5.349
      11.064        5.625
      11.037        5.559
      10.996        5.454
      10.964        5.372
      10.973        5.394
      10.989        5.435
      11.062        5.618
      11.043        5.571
      10.981        5.415
      11.017        5.504
      11.029        5.533
      11.072        5.640
      11.060        5.610
      11.048        5.582
      11.057        5.602
      11.053        5.592
      11.012        5.489
      11.036        5.547
      11.071        5.635
      11.026        5.520
      10.958        5.348
      11.007        5.472
      10.968        5.372
      11.043        5.560
      11.001        5.454
      11.078        5.648
      10.977        5.394
      11.070        5.628
      10.994        5.435
      10.986        5.415
      11.022        5.505
      11.049        5.572
      11.034        5.535
      11.068        5.621
      11.054        5.584
      11.066        5.613
      11.078        5.643
      11.017        5.489
      11.059        5.594
      11.063        5.604
      10.961        5.348
      11.041        5.549
      11.012        5.472
      11.031        5.521
      10.972        5.371
      11.078        5.638
      11.005        5.454
      10.981        5.394
      10.998        5.435
      10.990        5.415
      11.048        5.562
      11.027        5.506
      11.085        5.651
      11.077        5.631
      11.039        5.536
      11.054        5.574
      11.075        5.624
      11.022        5.490
      11.060        5.586
      10.965        5.347
      11.072        5.615
      11.065        5.596
      11.069        5.606
      11.085        5.646
      10.975        5.370
      11.047        5.550
      11.016        5.473
      11.036        5.522
      10.985        5.393
      11.009        5.455
      10.994        5.415
      11.002        5.435
      11.054        5.563
      11.084        5.640
      11.032        5.507
      11.044        5.537
      11.060        5.576
      10.969        5.346
      11.083        5.634
      11.091        5.655
      11.026        5.491
      10.979        5.370
      11.065        5.587
      11.081        5.626
      11.021        5.473
      11.070        5.598
      10.989        5.393
      11.078        5.618
      11.052        5.551
      11.041        5.523
      11.075        5.608
      11.014        5.455
      10.998        5.414
      11.006        5.435
      11.091        5.649
      11.097        5.662
      11.059        5.565
      11.036        5.507
      10.973        5.345
      11.091        5.643
      11.049        5.538
      11.031        5.491
      11.065        5.577
      10.983        5.369
      11.089        5.636
      11.025        5.473
      10.993        5.392
      11.098        5.658
      11.071        5.589
      11.002        5.414
      11.018        5.455
      11.046        5.524
      11.010        5.435
      11.087        5.629
      11.057        5.552
      11.076        5.600
      11.084        5.620
      11.080        5.611
      11.098        5.652
      10.976        5.344
      11.041        5.508
      11.064        5.566
      11.104        5.666
      11.054        5.539
      10.987        5.368
      11.036        5.491
      11.097        5.646
      11.071        5.579
      10.997        5.391
      11.029        5.474
      11.006        5.414
      11.022        5.455
      11.015        5.435
      11.095        5.639
      11.077        5.591
      11.050        5.524
      11.062        5.554
      11.105        5.661
      11.093        5.631
      11.082        5.602
      11.110        5.673
      10.980        5.343
      11.090        5.622
      11.086        5.613
      11.046        5.509
      10.991        5.367
      11.069        5.567
      11.104        5.655
      11.059        5.540
      11.040        5.492
      11.001        5.391
      11.034        5.474
      11.010        5.413
      11.111        5.669
      11.076        5.580
      11.027        5.455
      11.019        5.435
      11.103        5.649
      11.055        5.525
      11.082        5.593
      11.067        5.555
      10.983        5.342
      11.102        5.641
      11.087        5.604
      11.099        5.633
      11.111        5.664
      11.050        5.509
      10.994        5.367
      11.092        5.615
      11.096        5.624
      11.116        5.676
      11.075        5.569
      11.004        5.390
      11.045        5.492
      11.064        5.541
      11.014        5.413
      11.038        5.474
      11.111        5.658
      11.023        5.434
      11.031        5.455
      11.081        5.582
      10.987        5.341
      11.060        5.526
      11.117        5.672
      11.110        5.651
      11.072        5.556
      11.088        5.594
      10.998        5.366
      11.055        5.510
      11.108        5.644
      11.093        5.606
      11.008        5.389
      11.105        5.636
      11.098        5.617
      11.102        5.627
      11.049        5.492
      11.118        5.667
      11.080        5.570
      11.018        5.412
      11.069        5.542
      11.042        5.474
      11.123        5.679
      11.027        5.434
      11.035        5.455
      11.087        5.583
      11.117        5.661
      11.065        5.527
      11.001        5.365
      11.077        5.557
      11.093        5.596
      11.128        5.686
      11.116        5.654
      11.124        5.675
      11.059        5.510
      11.012        5.389
      11.099        5.608
      11.114        5.646
      11.054        5.493
      11.022        5.412
      11.103        5.619
      11.031        5.434
      11.047        5.474
      11.085        5.571
      11.074        5.543
      11.111        5.638
      11.039        5.454
      11.108        5.629
      11.124        5.670
      11.130        5.682
      11.005        5.364
      11.069        5.527
      11.092        5.585
      11.123        5.663
      11.082        5.558
      11.016        5.388
      11.064        5.511
      11.098        5.597
      11.026        5.411
      11.058        5.493
      11.122        5.656
      11.131        5.678
      11.035        5.433
      11.135        5.690
      11.051        5.474
      11.104        5.609
      11.043        5.454
      11.078        5.543
      11.120        5.649
      11.090        5.572
      11.109        5.620
      11.117        5.640
      11.113        5.631
      11.009        5.363
      11.131        5.672
      11.074        5.528
      11.097        5.586
      11.019        5.387
      11.137        5.686
      11.087        5.559
      11.068        5.511
      11.029        5.410
      11.130        5.666
      11.104        5.599
      11.062        5.493
      11.039        5.433
      11.055        5.474
      11.047        5.454
      11.083        5.544
      11.128        5.659
      11.109        5.611
      11.095        5.573
      11.012        5.361
      11.137        5.681
      11.142        5.693
      11.126        5.651
      11.115        5.622
      11.123        5.642
      11.119        5.633
      11.078        5.528
      11.023        5.386
      11.102        5.587
      11.033        5.410
      11.137        5.675
      11.073        5.511
      11.092        5.560
      11.147        5.699
      11.043        5.432
      11.066        5.493
      11.051        5.454
      11.059        5.474
      11.143        5.689
      11.109        5.600
      11.136        5.669
      11.016        5.360
      11.088        5.545
      11.100        5.574
      11.115        5.613
      11.134        5.661
      11.027        5.385
      11.120        5.624
      11.083        5.529
      11.144        5.684
      11.132        5.653
      11.125        5.635
      11.129        5.644
      11.149        5.696
      11.037        5.409
      11.107        5.588
      11.077        5.511
      11.097        5.561
      11.046        5.431
      11.071        5.493
      11.055        5.453
      11.063        5.474
      11.143        5.678
      11.019        5.359
      11.114        5.602
      11.154        5.703
      11.093        5.545
      11.150        5.692
      11.142        5.671
      11.030        5.384
      11.105        5.575
      11.120        5.614
      11.088        5.529
      11.040        5.408
      11.140        5.664
      11.126        5.626
      11.138        5.655
      11.082        5.512
      11.050        5.431
      11.130        5.636
      11.134        5.646
      11.150        5.687
      11.112        5.590
      11.101        5.561
      11.059        5.453
      11.075        5.493
      11.067        5.473
      11.155        5.699
      11.022        5.358
      11.119        5.603
      11.149        5.681
      11.034        5.383
      11.097        5.546
      11.110        5.576
      11.044        5.407
      11.161        5.706
      11.092        5.529
      11.125        5.616
      11.156        5.695
      11.148        5.674
      11.054        5.430
      11.086        5.512
      11.131        5.627
      11.146        5.666
      11.063        5.452
      11.026        5.356
      11.079        5.493
      11.071        5.473
      11.106        5.562
      11.136        5.638
      11.143        5.658
      11.140        5.648
      11.165        5.712
      11.156        5.689
      11.037        5.382
      11.162        5.702
      11.102        5.546
      11.124        5.604
      11.048        5.406
      11.156        5.683
      11.096        5.530
      11.058        5.429
      11.131        5.617
      11.090        5.512
      11.067        5.452
      11.154        5.676
      11.083        5.493
      11.163        5.698
      11.075        5.473
      11.167        5.709
      11.136        5.629
      11.152        5.668
      11.041        5.381
      11.141        5.640
      11.149        5.660
      11.146        5.650
      11.106        5.547
      11.051        5.405
      11.163        5.692
      11.172        5.716
      11.169        5.705
      11.061        5.429
      11.101        5.530
      11.071        5.451
      11.162        5.686
      11.094        5.512
      11.079        5.472
      11.087        5.493
      11.044        5.379
      11.160        5.679
      11.142        5.630
      11.169        5.700
      11.174        5.712
      11.158        5.671
      11.147        5.642
      11.055        5.404
      11.155        5.662
      11.151        5.652
      11.111        5.547
      11.065        5.428
      11.105        5.530
      11.169        5.695
      11.075        5.450
      11.179        5.719
      11.099        5.512
      11.083        5.472
      11.091        5.492
      11.175        5.708
      11.047        5.378
      11.168        5.688
      11.058        5.403
      11.183        5.725
      11.166        5.681
      11.115        5.548
      11.152        5.643
      11.176        5.703
      11.069        5.427
      11.164        5.673
      11.181        5.715
      11.157        5.654
      11.161        5.664
      11.109        5.530
      11.078        5.450
      11.087        5.472
      11.103        5.512
      11.095        5.492
      11.051        5.377
      11.175        5.697
      11.186        5.722
      11.062        5.402
      11.182        5.711
      11.174        5.691
      11.072        5.426
      11.120        5.548
      11.172        5.683
      11.082        5.449
      11.158        5.645
      11.190        5.728
      11.114        5.530
      11.170        5.675
      11.054        5.375
      11.091        5.471
      11.162        5.656
      11.182        5.706
      11.107        5.512
      11.166        5.666
      11.099        5.492
      11.187        5.718
      11.065        5.401
      11.181        5.700
      11.076        5.425
      11.192        5.725
      11.124        5.548
      11.188        5.714
      11.180        5.693
      11.086        5.448
      11.057        5.374
      11.118        5.530
      11.095        5.470
      11.111        5.511
      11.103        5.491
      11.178        5.685
      11.168        5.657
      11.175        5.677
      11.172        5.668
      11.069        5.399
      11.197        5.731
      11.188        5.709
      11.194        5.721
      11.079        5.424
      11.201        5.737
      11.187        5.702
      11.089        5.447
      11.061        5.372
      11.099        5.470
      11.122        5.530
      11.107        5.491
      11.115        5.511
      11.186        5.695
      11.199        5.728
      11.194        5.717
      11.072        5.398
      11.184        5.688
      11.181        5.679
      11.178        5.669
      11.083        5.423
      11.194        5.711
      11.203        5.735
      11.064        5.371
      11.093        5.446
      11.200        5.724
      11.102        5.469
      11.126        5.530
      11.111        5.491
      11.194        5.705
      11.119        5.511
      11.075        5.397
      11.208        5.740
      11.192        5.698
      11.086        5.422
      11.201        5.719
      11.205        5.731
      11.190        5.690
      11.187        5.681
      11.183        5.671
      11.096        5.445
      11.106        5.468
      11.201        5.714
      11.115        5.490
      11.130        5.530
      11.210        5.738
      11.079        5.395
      11.123        5.511
      11.207        5.727
      11.200        5.707
      11.090        5.420
      11.214        5.744
      11.198        5.700
      11.100        5.444
      11.207        5.722
      11.195        5.692
      11.212        5.734
      11.110        5.467
      11.192        5.683
      11.218        5.749
      11.082        5.394
      11.119        5.489
      11.134        5.530
      11.127        5.510
      11.207        5.716
      11.093        5.419
      11.217        5.741
      11.213        5.730
      11.103        5.443
      11.206        5.710
      11.113        5.467
      11.085        5.392
      11.204        5.702
      11.221        5.747
      11.122        5.489
      11.138        5.530
      11.131        5.510
      11.201        5.694
      11.213        5.725
      11.198        5.685
      11.218        5.737
      11.096        5.418
      11.225        5.752
      11.107        5.442
      11.213        5.719
      11.117        5.466
      11.223        5.744
      11.088        5.391
      11.219        5.733
      11.211        5.712
      11.126        5.488
      11.135        5.509
      11.142        5.529
      11.210        5.704
      11.100        5.417
      11.207        5.696
      11.228        5.750
      11.219        5.727
      11.110        5.441
      11.225        5.740
      11.091        5.389
      11.120        5.465
      11.232        5.756
      11.219        5.721
      11.130        5.487
      11.138        5.509
      11.146        5.529
      11.103        5.415
      11.235        5.761
      11.230        5.747
      11.217        5.714
      11.225        5.735
      11.215        5.706
      11.114        5.440
      11.212        5.698
      11.094        5.388
      11.124        5.464
      11.234        5.753
      11.225        5.730
      11.231        5.743
      11.133        5.486
      11.106        5.414
      11.142        5.508
      11.157        5.548
      11.150        5.529
      11.225        5.724
      11.238        5.759
      11.117        5.439
      11.223        5.716
      11.232        5.738
      11.236        5.750
      11.098        5.386
      11.242        5.764
      11.127        5.463
      11.221        5.708
      11.137        5.486
      11.109        5.412
      11.146        5.507
      11.232        5.732
      11.161        5.548
      11.154        5.528
      11.241        5.756
      11.237        5.746
      11.120        5.437
      11.231        5.726
      11.245        5.762
      11.131        5.462
      11.229        5.718
      11.140        5.485
      11.238        5.741
      11.112        5.411
      11.243        5.753
      11.227        5.710
      11.249        5.767
      11.149        5.507
      11.165        5.548
      11.158        5.528
      11.124        5.436
      11.252        5.772
      11.238        5.735
      11.247        5.759
      11.134        5.460
      11.244        5.748
      11.236        5.728
      11.115        5.409
      11.144        5.484
      11.252        5.765
      11.153        5.506
      11.235        5.721
      11.161        5.527
      11.169        5.547
      11.127        5.435
      11.244        5.743
      11.249        5.756
      11.255        5.771
      11.137        5.459
      11.244        5.737
      11.119        5.407
      11.258        5.776
      11.147        5.483
      11.254        5.762
      11.250        5.751
      11.157        5.505
      11.242        5.730
      11.165        5.527
      11.173        5.547
      11.130        5.433
      11.240        5.723
      11.258        5.768
      11.141        5.458
      11.250        5.746
      11.122        5.406
      11.255        5.758
      11.151        5.482
      11.262        5.774
      11.160        5.504
      11.249        5.739
      11.133        5.432
      11.169        5.526
      11.177        5.546
      11.265        5.779
      11.260        5.765
      11.256        5.754
      11.248        5.732
      11.144        5.457
      11.125        5.404
      11.246        5.725
      11.154        5.481
      11.265        5.771
      11.256        5.748
      11.164        5.503
      11.136        5.430
      11.262        5.761
      11.173        5.525
      11.181        5.546
      11.269        5.777
      11.255        5.742
      11.147        5.455
      11.128        5.402
      11.254        5.734
      11.272        5.782
      11.267        5.768
      11.158        5.479
      11.262        5.756
      11.167        5.502
      11.139        5.428
      11.275        5.787
      11.176        5.524
      11.184        5.545
      11.262        5.750
      11.271        5.774
      11.150        5.454
      11.131        5.400
      11.268        5.764
      11.261        5.744
      11.161        5.478
      11.275        5.780
      11.142        5.427
      11.171        5.501
      11.260        5.737
      11.268        5.759
      11.273        5.771
      11.180        5.524
      11.279        5.785
      11.188        5.545
      11.154        5.452
      11.281        5.790
      11.268        5.753
      11.164        5.477
      11.278        5.777
      11.274        5.766
      11.145        5.425
      11.174        5.500
      11.267        5.746
      11.183        5.523
      11.282        5.783
      11.192        5.544
      11.157        5.451
      11.274        5.761
      11.279        5.773
      11.285        5.788
      11.167        5.476
      11.148        5.423
      11.177        5.499
      11.288        5.793
      11.274        5.755
      11.284        5.780
      11.187        5.522
      11.291        5.798
      11.160        5.449
      11.280        5.769
      11.195        5.543
      11.273        5.748
      11.171        5.474
      11.288        5.786
      11.151        5.422
      11.280        5.763
      11.181        5.498
      11.285        5.776
      11.292        5.792
      11.190        5.521
      11.163        5.448
      11.199        5.543
      11.280        5.757
      11.295        5.796
      11.290        5.783
      11.174        5.473
      11.286        5.771
      11.278        5.750
      11.154        5.420
      11.298        5.801
      11.184        5.497
      11.294        5.789
      11.166        5.446
      11.194        5.520
      11.286        5.766
      11.203        5.542
      11.292        5.779
      11.177        5.471
      11.298        5.795
      11.157        5.418
      11.285        5.759
      11.187        5.496
      11.302        5.800
      11.296        5.786
      11.292        5.774
      11.169        5.444
      11.197        5.519
      11.304        5.804
      11.206        5.541
      11.306        5.808
      11.214        5.562
      11.180        5.470
      11.160        5.416
      11.301        5.792
      11.292        5.768
      11.298        5.781
      11.191        5.494
      11.291        5.761
      11.172        5.442
      11.305        5.798
      11.200        5.518
      11.210        5.540
      11.298        5.776
      11.308        5.803
      11.303        5.788
      11.183        5.468
      11.218        5.561
      11.311        5.807
      11.194        5.493
      11.298        5.770
      11.313        5.811
      11.175        5.441
      11.307        5.795
      11.204        5.517
      11.304        5.784
      11.297        5.764
      11.213        5.539
      11.186        5.467
      11.311        5.800
      11.222        5.561
      11.304        5.779
      11.197        5.491
      11.309        5.791
      11.315        5.806
      11.178        5.439
      11.207        5.515
      11.318        5.810
      11.304        5.772
      11.216        5.538
      11.189        5.465
      11.313        5.797
      11.320        5.815
      11.225        5.560
      11.310        5.786
      11.200        5.490
      11.181        5.437
      11.318        5.803
      11.210        5.514
      11.310        5.781
      11.315        5.793
      11.192        5.463
      11.220        5.537
      11.321        5.809
      11.229        5.559
      11.309        5.775
      11.324        5.814
      11.203        5.488
      11.183        5.435
      11.320        5.800
      11.316        5.789
      11.327        5.818
      11.213        5.513
      11.329        5.822
      11.195        5.461
      11.223        5.536
      11.324        5.806
      11.316        5.783
      11.232        5.558
      11.321        5.796
      11.206        5.487
      11.186        5.433
      11.327        5.812
      11.217        5.511
      11.331        5.817
      11.198        5.460
      11.326        5.803
      11.226        5.535
      11.322        5.791
      11.333        5.821
      11.235        5.557
      11.189        5.431
      11.209        5.485
      11.335        5.825
      11.330        5.809
      11.322        5.785
      11.220        5.510
      11.327        5.798
      11.201        5.458
      11.334        5.814
      11.230        5.533
      11.239        5.556
      11.212        5.484
      11.337        5.820
      11.332        5.805
      11.328        5.793
      11.340        5.824
      11.223        5.508
      11.204        5.456
      11.342        5.828
      11.327        5.787
      11.336        5.812
      11.233        5.532
      11.333        5.801
      11.215        5.482
      11.242        5.555
      11.251        5.576
      11.340        5.817
      11.226        5.507
      11.206        5.454
      11.333        5.795
      11.338        5.808
      11.344        5.822
      11.236        5.531
      11.346        5.827
      11.218        5.480
      11.245        5.554
      11.349        5.831
      11.342        5.814
      11.254        5.575
      11.350        5.835
      11.339        5.803
      11.229        5.505
      11.209        5.452
      11.346        5.820
      11.239        5.529
      11.221        5.478
      11.339        5.798
      11.249        5.552
      11.344        5.810
      11.350        5.825
      11.258        5.574
      11.212        5.450
      11.232        5.504
      11.353        5.830
      11.349        5.817
      11.355        5.834
      11.242        5.528
      11.345        5.805
      11.357        5.838
      11.224        5.476
      11.252        5.551
      11.353        5.823
      11.261        5.573
      11.215        5.447
      11.235        5.502
      11.345        5.800
      11.350        5.813
      11.356        5.828
      11.245        5.526
      11.226        5.474
      11.359        5.833
      11.255        5.550
      11.355        5.819
      11.351        5.808
      11.217        5.445
      11.362        5.837
      11.264        5.572
      11.238        5.500
      11.364        5.841
      11.365        5.844
      11.359        5.825
      11.248        5.525
      11.229        5.472
      11.356        5.815
      11.258        5.549
      11.362        5.831
      11.241        5.498
      11.268        5.571
      11.366        5.836
      11.361        5.822
      11.356        5.810
      11.251        5.523
      11.232        5.470
      11.368        5.840
      11.370        5.844
      11.261        5.547
      11.372        5.848
      11.365        5.828
      11.243        5.496
      11.271        5.570
      11.362        5.817
      11.369        5.834
      11.235        5.468
      11.254        5.522
      11.372        5.839
      11.362        5.812
      11.367        5.824
      11.265        5.546
      11.246        5.495
      11.375        5.843
      11.274        5.569
      11.377        5.847
      11.371        5.830
      11.237        5.466
      11.379        5.851
      11.257        5.520
      11.368        5.819
      11.268        5.544
      11.375        5.836
      11.249        5.493
      11.277        5.567
      11.368        5.814
      11.373        5.826
      11.378        5.842
      11.240        5.464
      11.286        5.590
      11.260        5.518
      11.381        5.846
      11.271        5.543
      11.383        5.850
      11.377        5.833
      11.252        5.491
      11.385        5.854
      11.373        5.822
      11.386        5.857
      11.280        5.566
      11.243        5.462
      11.263        5.516
      11.381        5.839
      11.289        5.588
      11.378        5.829
      11.274        5.541
      11.384        5.844
      11.254        5.488
      11.283        5.565
      11.387        5.849
      11.245        5.459
      11.383        5.835
      11.266        5.514
      11.390        5.853
      11.293        5.587
      11.379        5.824
      11.392        5.857
      11.393        5.860
      11.276        5.539
      11.257        5.486
      11.387        5.841
      11.286        5.563
      11.384        5.831
      11.269        5.513
      11.391        5.847
      11.296        5.586
      11.394        5.852
      11.260        5.484
      11.279        5.538
      11.389        5.838
      11.385        5.826
      11.396        5.856
      11.398        5.860
      11.289        5.562
      11.400        5.863
      11.271        5.511
      11.393        5.844
      11.299        5.585
      11.390        5.833
      11.262        5.482
      11.282        5.536
      11.397        5.849
      11.292        5.560
      11.400        5.855
      11.274        5.509
      11.395        5.840
      11.302        5.583
      11.402        5.859
      11.265        5.480
      11.405        5.863
      11.285        5.534
      11.406        5.866
      11.407        5.869
      11.399        5.846
      11.396        5.835
      11.295        5.559
      11.277        5.506
      11.403        5.852
      11.305        5.582
      11.267        5.477
      11.288        5.532
      11.314        5.604
      11.401        5.842
      11.406        5.857
      11.409        5.862
      11.298        5.557
      11.279        5.504
      11.411        5.866
      11.405        5.849
      11.413        5.869
      11.414        5.872
      11.401        5.837
      11.308        5.580
      11.270        5.475
      11.291        5.530
      11.317        5.603
      11.409        5.855
      11.282        5.502
      11.301        5.555
      11.406        5.844
      11.412        5.860
      11.272        5.473
      11.311        5.579
      11.415        5.865
      11.293        5.528
      11.320        5.602
      11.411        5.851
      11.417        5.869
      11.419        5.872
      11.420        5.876
      11.284        5.500
      11.304        5.553
      11.415        5.857
      11.314        5.577
      11.296        5.526
      11.412        5.847
      11.418        5.862
      11.323        5.600
      11.287        5.498
      11.307        5.552
      11.421        5.867
      11.417        5.853
      11.423        5.872
      11.317        5.576
      11.425        5.875
      11.428        5.881
      11.299        5.524
      11.427        5.879
      11.326        5.599
      11.421        5.859
      11.290        5.495
      11.310        5.550
      11.418        5.849
      11.424        5.865
      11.320        5.574
      11.301        5.522
      11.427        5.870
      11.422        5.855
      11.329        5.597
      11.292        5.493
      11.430        5.874
      11.312        5.548
      11.432        5.878
      11.434        5.884
      11.433        5.882
      11.426        5.862
      11.304        5.520
      11.323        5.572
      11.423        5.851
      11.430        5.867
      11.294        5.491
      11.332        5.596
      11.315        5.546
      11.433        5.872
      11.428        5.858
      11.306        5.518
      11.326        5.571
      11.436        5.877
      11.438        5.881
      11.297        5.488
      11.440        5.884
      11.441        5.887
      11.432        5.864
      11.335        5.594
      11.318        5.544
      11.345        5.617
      11.436        5.870
      11.309        5.515
      11.328        5.569
      11.434        5.860
      11.439        5.875
      11.338        5.593
      11.320        5.542
      11.442        5.880
      11.348        5.616
      11.444        5.884
      11.438        5.866
      11.448        5.893
      11.311        5.513
      11.446        5.887
      11.447        5.890
      11.331        5.567
      11.442        5.872
      11.341        5.591
      11.323        5.539
      11.439        5.862
      11.351        5.614
      11.445        5.877
      11.314        5.511
      11.334        5.565
      11.448        5.882
      11.444        5.868
      11.450        5.886
      11.344        5.589
      11.325        5.537
      11.454        5.896
      11.452        5.890
      11.453        5.893
      11.354        5.613
      11.316        5.508
      11.448        5.874
      11.336        5.563
      11.451        5.880
      11.328        5.535
      11.347        5.587
      11.454        5.885
      11.319        5.506
      11.356        5.611
      11.449        5.870
      11.339        5.561
      11.456        5.889
      11.458        5.893
      11.461        5.899
      11.460        5.896
      11.330        5.533
      11.453        5.876
      11.349        5.586
      11.321        5.503
      11.359        5.609
      11.457        5.882
      11.342        5.559
      11.460        5.887
      11.333        5.530
      11.455        5.872
      11.352        5.584
      11.462        5.892
      11.323        5.501
      11.467        5.904
      11.464        5.895
      11.467        5.902
      11.466        5.899
      11.362        5.608
      11.344        5.557
      11.459        5.879
      11.371        5.630
      11.335        5.528
      11.463        5.884
      11.355        5.582
      11.466        5.889
      11.460        5.874
      11.365        5.606
      11.347        5.554
      11.468        5.894
      11.374        5.629
      11.338        5.526
      11.471        5.898
      11.474        5.907
      11.358        5.580
      11.472        5.902
      11.465        5.881
      11.473        5.905
      11.349        5.552
      11.368        5.604
      11.468        5.886
      11.340        5.523
      11.377        5.627
      11.472        5.892
      11.360        5.578
      11.474        5.896
      11.352        5.550
      11.370        5.602
      11.477        5.901
      11.470        5.883
      11.480        5.910
      11.478        5.904
      11.480        5.907
      11.342        5.520
      11.380        5.626
      11.363        5.576
      11.474        5.889
      11.354        5.547
      11.373        5.600
      11.477        5.894
      11.345        5.518
      11.480        5.899
      11.383        5.624
      11.365        5.573
      11.476        5.885
      11.487        5.915
      11.483        5.903
      11.487        5.913
      11.484        5.907
      11.486        5.910
      11.356        5.545
      11.376        5.598
      11.480        5.891
      11.347        5.515
      11.386        5.622
      11.368        5.571
      11.483        5.896
      11.395        5.645
      11.359        5.543
      11.486        5.901
      11.378        5.596
      11.481        5.887
      11.489        5.906
      11.493        5.918
      11.490        5.909
      11.493        5.916
      11.388        5.620
      11.370        5.569
      11.492        5.913
      11.485        5.893
      11.398        5.643
      11.361        5.540
      11.381        5.594
      11.489        5.898
      11.373        5.567
      11.391        5.619
      11.492        5.903
      11.363        5.537
      11.494        5.908
      11.400        5.642
      11.499        5.921
      11.383        5.592
      11.496        5.912
      11.499        5.918
      11.498        5.915
      11.491        5.895
      11.375        5.564
      11.394        5.617
      11.495        5.901
      11.366        5.535
      11.403        5.640
      11.386        5.590
      11.498        5.906
      11.377        5.562
      11.500        5.910
      11.506        5.925
      11.396        5.615
      11.502        5.914
      11.506        5.924
      11.368        5.532
      11.496        5.897
      11.504        5.918
      11.505        5.921
      11.406        5.638
      11.388        5.588
      11.500        5.903
      11.380        5.559
      11.399        5.613
      11.370        5.529
      11.503        5.908
      11.409        5.636
      11.391        5.585
      11.506        5.913
      11.512        5.928
      11.502        5.899
      11.508        5.917
      11.382        5.557
      11.512        5.926
      11.510        5.921
      11.511        5.924
      11.401        5.611
      11.506        5.905
      11.393        5.583
      11.411        5.635
      11.509        5.910
      11.384        5.554
      11.421        5.657
      11.404        5.608
      11.512        5.915
      11.518        5.931
      11.514        5.919
      11.396        5.581
      11.414        5.633
      11.518        5.929
      11.516        5.923
      11.517        5.926
      11.386        5.552
      11.511        5.906
      11.423        5.656
      11.406        5.606
      11.515        5.912
      11.398        5.578
      11.417        5.631
      11.518        5.917
      11.389        5.549
      11.426        5.654
      11.520        5.921
      11.409        5.604
      11.525        5.934
      11.522        5.925
      11.524        5.932
      11.523        5.929
      11.517        5.908
      11.400        5.576
      11.419        5.629
      11.391        5.546
      11.520        5.914
      11.429        5.652
      11.411        5.602
      11.523        5.919
      11.403        5.573
      11.531        5.938
      11.422        5.627
      11.526        5.924
      11.393        5.543
      11.531        5.937
      11.528        5.928
      11.530        5.934
      11.529        5.931
      11.522        5.910
      11.431        5.650
      11.414        5.599
      11.405        5.571
      11.526        5.916
      11.424        5.624
      11.529        5.921
      11.416        5.597
      11.434        5.648
      11.531        5.926
      11.537        5.941
      11.407        5.568
      11.443        5.671
      11.534        5.930
      11.537        5.939
      11.535        5.934
      11.536        5.937
      11.427        5.622
      11.418        5.595
      11.531        5.918
      11.437        5.646
      11.409        5.565
      11.446        5.669
      11.534        5.923
      11.429        5.620
      11.537        5.928
      11.543        5.944
      11.421        5.592
      11.539        5.932
      11.439        5.644
      11.543        5.942
      11.541        5.936
      11.542        5.939
      11.411        5.563
      11.449        5.668
      11.536        5.920
      11.431        5.618
      11.423        5.589
      11.540        5.925
      11.442        5.642
      11.413        5.560
      11.549        5.948
      11.543        5.930
      11.451        5.666
      11.434        5.615
      11.549        5.947
      11.545        5.934
      11.549        5.944
      11.547        5.938
      11.548        5.942
      11.425        5.587
      11.444        5.640
      11.542        5.921
      11.415        5.557
      11.436        5.613
      11.454        5.664
      11.545        5.927
      11.427        5.584
      11.548        5.932
      11.555        5.951
      11.447        5.638
      11.551        5.937
      11.555        5.949
      11.552        5.941
      11.555        5.947
      11.554        5.944
      11.438        5.610
      11.456        5.662
      11.547        5.923
      11.429        5.582
      11.465        5.685
      11.449        5.636
      11.551        5.929
      11.441        5.608
      11.554        5.934
      11.459        5.660
      11.431        5.579
      11.561        5.954
      11.556        5.939
      11.468        5.683
      11.561        5.952
      11.558        5.943
      11.451        5.633
      11.561        5.949
      11.560        5.946
      11.443        5.605
      11.461        5.658
      11.556        5.931
      11.433        5.576
      11.471        5.681
      11.454        5.631
      11.559        5.936
      11.445        5.603
      11.562        5.941
      11.567        5.956
      11.464        5.655
      11.564        5.945
      11.435        5.573
      11.567        5.954
      11.565        5.948
      11.567        5.952
      11.473        5.679
      11.456        5.629
      11.561        5.932
      11.447        5.600
      11.437        5.570
      11.466        5.653
      11.564        5.938
      11.573        5.960
      11.567        5.943
      11.458        5.626
      11.476        5.677
      11.573        5.959
      11.569        5.947
      11.449        5.597
      11.573        5.957
      11.571        5.951
      11.572        5.954
      11.469        5.651
      11.566        5.934
      11.460        5.624
      11.478        5.675
      11.570        5.939
      11.451        5.595
      11.487        5.698
      11.579        5.963
      11.573        5.944
      11.471        5.649
      11.579        5.961
      11.575        5.949
      11.463        5.621
      11.579        5.959
      11.577        5.953
      11.578        5.956
      11.481        5.673
      11.453        5.592
      11.490        5.696
      11.473        5.646
      11.575        5.941
      11.465        5.618
      11.483        5.671
      11.578        5.946
      11.455        5.589
      11.585        5.965
      11.580        5.951
      11.492        5.694
      11.585        5.964
      11.475        5.644
      11.582        5.955
      11.585        5.961
      11.584        5.958
      11.467        5.616
      11.486        5.668
      11.457        5.586
      11.580        5.943
      11.495        5.692
      11.478        5.641
      11.583        5.948
      11.469        5.613
      11.591        5.968
      11.586        5.953
      11.459        5.583
      11.488        5.666
      11.591        5.966
      11.588        5.957
      11.590        5.963
      11.589        5.960
      11.480        5.639
      11.497        5.690
      11.471        5.610
      11.585        5.944
      11.490        5.664
      11.589        5.950
      11.596        5.972
      11.482        5.636
      11.500        5.688
      11.591        5.955
      11.597        5.970
      11.473        5.607
      11.593        5.959
      11.597        5.968
      11.509        5.710
      11.595        5.962
      11.596        5.966
      11.492        5.661
      11.591        5.946
      11.484        5.634
      11.502        5.685
      11.475        5.604
      11.594        5.951
      11.511        5.708
      11.602        5.974
      11.495        5.659
      11.597        5.956
      11.603        5.973
      11.486        5.631
      11.599        5.961
      11.602        5.971
      11.600        5.964
      11.505        5.683
      11.602        5.968
      11.477        5.602
      11.514        5.706
      11.497        5.656
      11.488        5.628
      11.599        5.953
      11.479        5.599
      11.507        5.681
      11.608        5.977
      11.602        5.958
      11.499        5.654
      11.608        5.975
      11.516        5.704
      11.604        5.963
      11.608        5.973
      11.606        5.966
      11.607        5.970
      11.490        5.625
      11.481        5.595
      11.509        5.679
      11.604        5.955
      11.501        5.651
      11.519        5.702
      11.492        5.623
      11.607        5.960
      11.527        5.725
      11.614        5.979
      11.511        5.676
      11.609        5.964
      11.614        5.977
      11.611        5.968
      11.614        5.975
      11.613        5.972
      11.503        5.649
      11.521        5.700
      11.494        5.620
      11.530        5.723
      11.609        5.956
      11.514        5.674
      11.619        5.983
      11.612        5.961
      11.505        5.646
      11.523        5.698
      11.620        5.981
      11.496        5.617
      11.615        5.966
      11.620        5.979
      11.617        5.970
      11.532        5.721
      11.619        5.977
      11.618        5.974
      11.516        5.671
      11.507        5.643
      11.614        5.957
      11.526        5.695
      11.498        5.614
      11.617        5.963
      11.535        5.718
      11.625        5.985
      11.518        5.669
      11.620        5.968
      11.626        5.984
      11.509        5.640
      11.622        5.972
      11.500        5.611
      11.625        5.982
      11.528        5.693
      11.624        5.976
      11.625        5.979
      11.520        5.666
      11.537        5.716
      11.619        5.959
      11.511        5.638
      11.622        5.964
      11.530        5.691
      11.631        5.988
      11.625        5.969
      11.522        5.663
      11.631        5.986
      11.539        5.714
      11.627        5.974
      11.631        5.984
      11.513        5.635
      11.629        5.978
      11.630        5.981
      11.548        5.737
      11.532        5.688
      11.524        5.661
      11.542        5.712
      11.627        5.966
      11.515        5.632
      11.637        5.990
      11.551        5.734
      11.630        5.971
      11.534        5.686
      11.637        5.988
      11.633        5.975
      11.637        5.986
      11.634        5.979
      11.526        5.658
      11.636        5.983
      11.544        5.710
      11.517        5.629
      11.553        5.732
      11.537        5.683
      11.632        5.967
      11.642        5.993
      11.528        5.655
      11.635        5.972
      11.519        5.626
      11.546        5.707
      11.642        5.992
      11.638        5.977
      11.642        5.990
      11.640        5.981
      11.555        5.730
      11.539        5.681
      11.642        5.988
      11.641        5.985
      11.530        5.652
      11.521        5.622
      11.549        5.705
      11.637        5.968
      11.647        5.996
      11.541        5.678
      11.558        5.728
      11.640        5.974
      11.532        5.649
      11.648        5.994
      11.566        5.750
      11.643        5.978
      11.648        5.992
      11.551        5.702
      11.645        5.983
      11.647        5.990
      11.646        5.986
      11.543        5.675
      11.560        5.726
      11.642        5.970
      11.534        5.646
      11.569        5.748
      11.553        5.700
      11.645        5.975
      11.653        5.998
      11.545        5.672
      11.648        5.980
      11.653        5.996
      11.562        5.724
      11.536        5.643
      11.650        5.984
      11.653        5.994
      11.652        5.988
      11.653        5.991
      11.571        5.746
      11.555        5.697
      11.547        5.670
      11.564        5.721
      11.537        5.640
      11.650        5.976
      11.659        6.000
      11.573        5.744
      11.557        5.695
      11.653        5.981
      11.659        5.998
      11.655        5.986
      11.549        5.667
      11.659        5.996
      11.657        5.990
      11.658        5.993
      11.539        5.637
      11.567        5.719
      11.576        5.742
      11.559        5.692
      11.664        6.003
      11.655        5.978
      11.550        5.664
      11.584        5.764
      11.541        5.634
      11.569        5.716
      11.664        6.002
      11.658        5.983
      11.664        6.000
      11.660        5.987
      11.561        5.689
      11.578        5.739
      11.664        5.998
      11.662        5.991
      11.663        5.995
      11.552        5.661
      11.586        5.761
      11.571        5.714
      11.660        5.979
      11.669        6.006
      11.563        5.687
      11.580        5.737
      11.554        5.658
      11.663        5.984
      11.670        6.004
      11.589        5.759
      11.665        5.989
      11.573        5.711
      11.670        6.002
      11.667        5.993
      11.669        6.000
      11.669        5.997
      11.565        5.684
      11.582        5.735
      11.556        5.655
      11.665        5.980
      11.591        5.757
      11.575        5.709
      11.675        6.008
      11.668        5.985
      11.567        5.681
      11.675        6.006
      11.558        5.651
      11.584        5.732
      11.670        5.990
      11.675        6.004
      11.672        5.994
      11.675        6.001
      11.674        5.998
      11.593        5.755
      11.577        5.706
      11.569        5.678
      11.669        5.981
      11.559        5.648
      11.587        5.730
      11.672        5.987
      11.680        6.010
      11.579        5.703
      11.595        5.753
      11.675        5.991
      11.681        6.008
      11.570        5.675
      11.604        5.775
      11.677        5.996
      11.681        6.006
      11.679        6.000
      11.680        6.003
      11.589        5.727
      11.674        5.982
      11.581        5.700
      11.598        5.750
      11.572        5.672
      11.677        5.988
      11.606        5.772
      11.591        5.725
      11.686        6.012
      11.680        5.993
      11.686        6.010
      11.583        5.698
      11.682        5.997
      11.600        5.748
      11.686        6.008
      11.684        6.001
      11.574        5.669
      11.685        6.005
      11.608        5.770
      11.593        5.722
      11.691        6.015
      11.585        5.695
      11.682        5.989
      11.602        5.746
      11.576        5.666
      11.691        6.014
      11.685        5.994
      11.611        5.768
      11.595        5.719
      11.691        6.012
      11.687        5.999
      11.691        6.009
      11.689        6.003
      11.690        6.006
      11.586        5.692
      11.577        5.662
      11.604        5.743
      11.687        5.990
      11.613        5.766
      11.597        5.717
      11.696        6.017
      11.621        5.787
      11.588        5.689
      11.690        5.995
      11.697        6.015
      11.606        5.741
      11.692        6.000
      11.697        6.013
      11.694        6.004
      11.696        6.011
      11.695        6.008
      11.599        5.714
      11.615        5.763
      11.590        5.686
      11.623        5.785
      11.691        5.991
      11.608        5.738
      11.701        6.019
      11.694        5.996
      11.600        5.711
      11.617        5.761
      11.702        6.017
      11.592        5.682
      11.697        6.001
      11.625        5.783
      11.702        6.015
      11.699        6.005
      11.701        6.012
      11.610        5.735
      11.700        6.009
      11.602        5.708
      11.696        5.992
      11.619        5.759
      11.593        5.679
      11.628        5.781
      11.699        5.997
      11.707        6.021
      11.612        5.733
      11.701        6.002
      11.707        6.019
      11.604        5.705
      11.595        5.676
      11.621        5.756
      11.704        6.007
      11.707        6.017
      11.705        6.011
      11.706        6.014
      11.630        5.779
      11.614        5.730
      11.700        5.993
      11.638        5.800
      11.606        5.702
      11.597        5.673
      11.703        5.998
      11.623        5.754
      11.712        6.023
      11.706        6.003
      11.632        5.776
      11.616        5.727
      11.712        6.021
      11.708        6.008
      11.712        6.018
      11.640        5.798
      11.608        5.699
      11.710        6.012
      11.711        6.015
      11.705        5.993
      11.625        5.751
      11.618        5.724
      11.634        5.774
      11.717        6.026
      11.708        5.999
      11.609        5.696
      11.642        5.795
      11.717        6.024
      11.711        6.004
      11.627        5.748
      11.717        6.022
      11.713        6.009
      11.717        6.020
      11.715        6.013
      11.620        5.721
      11.716        6.017
      11.636        5.771
      11.611        5.693
      11.644        5.793
      11.629        5.746
      11.652        5.814
      11.713        6.000
      11.722        6.027
      11.621        5.718
      11.715        6.005
      11.638        5.769
      11.613        5.690
      11.723        6.026
      11.718        6.010
      11.647        5.791
      11.723        6.024
      11.720        6.014
      11.631        5.743
      11.722        6.021
      11.721        6.018
      11.654        5.812
      11.623        5.715
      11.614        5.686
      11.640        5.766
      11.717        6.001
      11.649        5.789
      11.727        6.029
      11.633        5.740
      11.720        6.006
      11.656        5.810
      11.625        5.712
      11.728        6.028
      11.723        6.011
      11.642        5.764
      11.728        6.025
      11.725        6.015
      11.727        6.023
      11.726        6.019
      11.651        5.786
      11.635        5.737
      11.721        6.001
      11.627        5.709
      11.659        5.808
      11.644        5.761
      11.725        6.007
      11.732        6.031
      11.637        5.734
      11.727        6.012
      11.653        5.784
      11.733        6.029
      11.628        5.706
      11.729        6.017
      11.733        6.027
      11.661        5.805
      11.731        6.020
      11.732        6.024
      11.668        5.826
      11.646        5.758
      11.726        6.002
      11.638        5.731
      11.655        5.781
      11.630        5.703
      11.729        6.008
      11.663        5.803
      11.738        6.033
      11.648        5.756
      11.732        6.013
      11.670        5.824
      11.738        6.031
      11.734        6.018
      11.640        5.728
      11.738        6.028
      11.736        6.022
      11.737        6.025
      11.657        5.779
      11.631        5.699
      11.730        6.003
      11.665        5.801
      11.650        5.753
      11.673        5.822
      11.733        6.009
      11.642        5.725
      11.659        5.776
      11.743        6.034
      11.736        6.014
      11.743        6.032
      11.738        6.019
      11.667        5.798
      11.652        5.750
      11.742        6.029
      11.740        6.023
      11.742        6.026
      11.675        5.819
      11.734        6.003
      11.644        5.722
      11.661        5.773
      11.738        6.009
      11.747        6.037
      11.669        5.796
      11.654        5.747
      11.741        6.015
      11.645        5.719
      11.677        5.817
      11.748        6.036
      11.684        5.837
      11.743        6.019
      11.663        5.771
      11.748        6.033
      11.745        6.024
      11.739        6.004
      11.747        6.031
      11.746        6.028
      11.655        5.744
      11.671        5.793
      11.647        5.716
      11.742        6.010
      11.679        5.815
      11.686        5.835
      11.665        5.768
      11.752        6.039
      11.745        6.015
      11.657        5.741
      11.753        6.037
      11.673        5.791
      11.748        6.020
      11.648        5.712
      11.743        6.004
      11.753        6.035
      11.750        6.025
      11.681        5.813
      11.752        6.032
      11.751        6.029
      11.666        5.765
      11.688        5.833
      11.746        6.010
      11.659        5.738
      11.675        5.788
      11.749        6.016
      11.757        6.040
      11.683        5.810
      11.668        5.762
      11.691        5.831
      11.752        6.021
      11.758        6.038
      11.697        5.851
      11.747        6.005
      11.660        5.735
      11.754        6.026
      11.758        6.036
      11.756        6.030
      11.757        6.033
      11.677        5.786
      11.750        6.011
      11.685        5.808
      11.670        5.759
      11.693        5.829
      11.662        5.731
      11.700        5.849
      11.754        6.017
      11.762        6.042
      11.679        5.783
      11.751        6.005
      11.756        6.022
      11.763        6.040
      11.672        5.756
      11.687        5.805
      11.759        6.026
      11.762        6.037
      11.760        6.031
      11.762        6.034
      11.663        5.728
      11.695        5.826
      11.755        6.011
      11.702        5.847
      11.681        5.780
      11.758        6.017
      11.673        5.753
      11.689        5.803
      11.665        5.725
      11.755        6.005
      11.767        6.043
      11.761        6.022
      11.697        5.824
      11.704        5.844
      11.683        5.777
      11.767        6.041
      11.763        6.027
      11.767        6.038
      11.765        6.032
      11.766        6.035
      11.759        6.012
      11.675        5.750
      11.691        5.800
      11.699        5.822
      11.762        6.018
      11.685        5.774
      11.706        5.842
      11.713        5.862
      11.765        6.023
      11.677        5.747
      11.772        6.044
      11.693        5.797
      11.767        6.028
      11.772        6.042
      11.763        6.012
      11.769        6.032
      11.772        6.039
      11.701        5.819
      11.771        6.036
      11.686        5.771
      11.709        5.840
      11.715        5.860
      11.678        5.744
      11.766        6.018
      11.695        5.795
      11.777        6.047
      11.769        6.024
      11.703        5.817
      11.688        5.768
      11.777        6.046
      11.711        5.838
      11.772        6.029
      11.680        5.740
      11.717        5.858
      11.767        6.012
      11.777        6.043
      11.774        6.033
      11.776        6.040
      11.697        5.792
      11.775        6.037
      11.770        6.018
      11.690        5.765
      11.705        5.814
      11.681        5.737
      11.713        5.835
      11.725        5.874
      11.719        5.855
      11.773        6.024
      11.781        6.049
      11.699        5.789
      11.776        6.029
      11.771        6.012
      11.782        6.047
      11.691        5.762
      11.707        5.812
      11.778        6.034
      11.782        6.044
      11.780        6.038
      11.781        6.041
      11.715        5.833
      11.774        6.019
      11.728        5.872
      11.722        5.853
      11.700        5.786
      11.693        5.759
      11.778        6.025
      11.709        5.809
      11.786        6.050
      11.775        6.013
      11.780        6.030
      11.717        5.830
      11.787        6.048
      11.702        5.783
      11.724        5.851
      11.730        5.870
      11.783        6.035
      11.786        6.045
      11.784        6.039
      11.786        6.042
      11.694        5.756
      11.778        6.019
      11.711        5.806
      11.719        5.828
      11.782        6.025
      11.704        5.780
      11.738        5.887
      11.726        5.849
      11.732        5.868
      11.779        6.013
      11.696        5.752
      11.791        6.051
      11.785        6.030
      11.713        5.803
      11.791        6.049
      11.787        6.035
      11.791        6.046
      11.789        6.039
      11.721        5.825
      11.790        6.043
      11.782        6.019
      11.706        5.777
      11.740        5.885
      11.728        5.846
      11.697        5.749
      11.735        5.866
      11.786        6.025
      11.714        5.800
      11.782        6.013
      11.707        5.774
      11.789        6.031
      11.723        5.823
      11.796        6.052
      11.730        5.844
      11.791        6.036
      11.743        5.883
      11.737        5.864
      11.796        6.050
      11.786        6.019
      11.793        6.040
      11.795        6.047
      11.716        5.798
      11.794        6.044
      11.709        5.771
      11.725        5.820
      11.790        6.026
      11.786        6.013
      11.750        5.899
      11.732        5.841
      11.745        5.881
      11.739        5.862
      11.793        6.031
      11.718        5.795
      11.801        6.054
      11.785        6.005
      11.795        6.036
      11.710        5.767
      11.790        6.020
      11.726        5.817
      11.800        6.051
      11.797        6.041
      11.800        6.048
      11.799        6.045
      11.734        5.839
      11.752        5.897
      11.720        5.792
      11.741        5.859
      11.747        5.879
      11.794        6.026
      11.790        6.013
      11.712        5.764
      11.728        5.814
      11.797        6.031
      11.789        6.005
      11.736        5.836
      11.794        6.020
      11.799        6.037
      11.805        6.055
      11.721        5.788
      11.755        5.895
      11.743        5.857
      11.749        5.876
      11.802        6.041
      11.805        6.052
      11.713        5.761
      11.803        6.045
      11.804        6.049
      11.730        5.812
      11.798        6.026
      11.794        6.012
      11.762        5.910
      11.738        5.834
      11.723        5.785
      11.801        6.032
      11.757        5.893
      11.792        6.005
      11.745        5.855
      11.751        5.874
      11.798        6.020
      11.803        6.037
      11.732        5.809
      11.810        6.056
      11.806        6.042
      11.809        6.053
      11.807        6.046
      11.724        5.782
      11.740        5.831
      11.809        6.050
      11.764        5.908
      11.801        6.026
      11.797        6.012
      11.747        5.852
      11.759        5.891
      11.754        5.872
      11.733        5.806
      11.796        6.004
      11.805        6.032
      11.771        5.923
      11.801        6.019
      11.726        5.779
      11.742        5.828
      11.814        6.059
      11.808        6.037
      11.767        5.906
      11.749        5.849
      11.814        6.056
      11.810        6.042
      11.762        5.889
      11.756        5.870
      11.801        6.012
      11.735        5.803
      11.814        6.054
      11.812        6.047
      11.805        6.026
      11.813        6.050
      11.727        5.776
      11.773        5.921
      11.799        6.004
      11.743        5.825
      11.809        6.032
      11.769        5.905
      11.751        5.847
      11.805        6.019
      11.736        5.800
      11.758        5.867
      11.764        5.886
      11.812        6.038
      11.819        6.060
      11.729        5.772
      11.814        6.043
      11.804        6.012
      11.819        6.057
      11.745        5.822
      11.809        6.026
      11.816        6.047
      11.776        5.920
      11.818        6.054
      11.817        6.051
      11.803        6.003
      11.753        5.844
      11.771        5.903
      11.738        5.796
      11.760        5.865
      11.766        5.884
      11.812        6.032
      11.809        6.019
      11.782        5.934
      11.747        5.820
      11.815        6.038
      11.778        5.918
      11.808        6.011
      11.823        6.061
      11.755        5.842
      11.740        5.793
      11.818        6.043
      11.813        6.026
      11.774        5.901
      11.762        5.862
      11.823        6.058
      11.768        5.882
      11.820        6.048
      11.806        6.003
      11.823        6.055
      11.822        6.052
      11.804        5.993
      11.785        5.932
      11.748        5.817
      11.816        6.032
      11.812        6.019
      11.741        5.790
      11.756        5.839
      11.781        5.916
      11.790        5.946
      11.819        6.038
      11.764        5.860
      11.776        5.898
      11.811        6.011
      11.770        5.880
      11.795        5.959
      11.816        6.026
      11.750        5.814
      11.822        6.043
      11.828        6.061
      11.809        6.002
      11.787        5.931
      11.824        6.048
      11.828        6.059
      11.807        5.993
      11.743        5.787
      11.804        5.982
      11.826        6.052
      11.827        6.056
      11.758        5.836
      11.783        5.914
      11.820        6.032
      11.816        6.018
      11.766        5.857
      11.793        5.944
      11.778        5.896
      11.772        5.877
      11.752        5.810
      11.823        6.038
      11.815        6.010
      11.798        5.957
      11.790        5.929
      11.820        6.026
      11.760        5.833
      11.813        6.001
      11.803        5.970
      11.826        6.043
      11.810        5.992
      11.807        5.981
      11.832        6.062
      11.785        5.912
      11.767        5.855
      11.828        6.048
      11.780        5.894
      11.774        5.875
      11.753        5.807
      11.832        6.060
      11.796        5.943
      11.830        6.053
      11.831        6.056
      11.819        6.018
      11.824        6.032
      11.762        5.830
      11.801        5.956
      11.792        5.927
      11.818        6.010
      11.827        6.038
      11.806        5.968
      11.769        5.852
      11.816        6.001
      11.788        5.910
      11.824        6.025
      11.755        5.804
      11.810        5.980
      11.813        5.991
      11.776        5.872
      11.782        5.892
      11.830        6.044
      11.798        5.941
      11.837        6.063
      11.832        6.049
      11.763        5.827
      11.823        6.018
      11.836        6.060
      11.834        6.053
      11.827        6.032
      11.835        6.057
      11.803        5.955
      11.794        5.925
      11.771        5.849
      11.756        5.801
      11.821        6.009
      11.790        5.908
      11.808        5.967
      11.778        5.870
      11.784        5.889
      11.831        6.038
      11.819        6.000
      11.813        5.979
      11.816        5.990
      11.827        6.025
      11.801        5.939
      11.765        5.824
      11.834        6.044
      11.758        5.798
      11.797        5.923
      11.773        5.846
      11.806        5.953
      11.826        6.017
      11.836        6.049
      11.841        6.064
      11.831        6.032
      11.780        5.867
      11.792        5.906
      11.838        6.053
      11.786        5.887
      11.840        6.061
      11.839        6.057
      11.811        5.966
      11.824        6.009
      11.766        5.821
      11.815        5.978
      11.803        5.938
      11.822        5.999
      11.819        5.989
      11.834        6.038
      11.831        6.025
      11.774        5.843
      11.799        5.921
      11.809        5.951
      11.837        6.044
      11.782        5.865
      11.794        5.903
      11.788        5.885
      11.829        6.017
      11.768        5.818
      11.840        6.049
      11.835        6.031
      11.814        5.964
      11.828        6.008
      11.845        6.064
      11.805        5.936
      11.842        6.054
      11.818        5.976
      11.845        6.061
      11.844        6.058
      11.776        5.840
      11.825        5.998
      11.822        5.988
      11.801        5.919
      11.838        6.038
      11.784        5.862
      11.834        6.024
      11.811        5.950
      11.796        5.901
      11.790        5.882
      11.769        5.815
      11.841        6.044
      11.833        6.016
      11.816        5.963
      11.778        5.837
      11.808        5.934
      11.838        6.031
      11.844        6.049
      11.831        6.007
      11.821        5.975
      11.828        5.997
      11.785        5.859
      11.825        5.987
      11.803        5.917
      11.846        6.054
      11.849        6.065
      11.771        5.811
      11.792        5.880
      11.798        5.899
      11.848        6.058
      11.849        6.062
      11.814        5.948
      11.837        6.024
      11.842        6.038
      11.779        5.834
      11.819        5.961
      11.810        5.932
      11.836        6.015
      11.845        6.044
      11.787        5.856
      11.772        5.808
      11.824        5.974
      11.806        5.915
      11.834        6.006
      11.842        6.031
      11.794        5.877
      11.800        5.896
      11.828        5.985
      11.831        5.996
      11.848        6.049
      11.816        5.946
      11.781        5.831
      11.850        6.054
      11.854        6.065
      11.852        6.058
      11.841        6.023
      11.853        6.062
      11.845        6.037
      11.812        5.930
      11.822        5.960
      11.789        5.853
      11.839        6.015
      11.808        5.913
      11.796        5.874
      11.826        5.972
      11.802        5.894
      11.849        6.043
      11.837        6.005
      11.831        5.984
      11.782        5.828
      11.845        6.030
      11.834        5.995
      11.818        5.944
      11.851        6.049
      11.790        5.850
      11.815        5.928
      11.858        6.069
      11.854        6.054
      11.824        5.958
      11.844        6.022
      11.798        5.872
      11.849        6.037
      11.858        6.066
      11.855        6.058
      11.810        5.910
      11.857        6.062
      11.804        5.892
      11.784        5.825
      11.829        5.971
      11.842        6.014
      11.821        5.943
      11.833        5.983
      11.840        6.004
      11.852        6.043
      11.837        5.994
      11.792        5.847
      11.848        6.030
      11.817        5.926
      11.799        5.869
      11.855        6.049
      11.827        5.956
      11.812        5.908
      11.806        5.889
      11.785        5.822
      11.847        6.022
      11.857        6.054
      11.852        6.037
      11.862        6.069
      11.832        5.969
      11.859        6.059
      11.862        6.066
      11.845        6.013
      11.823        5.941
      11.861        6.063
      11.794        5.844
      11.836        5.981
      11.843        6.003
      11.840        5.993
      11.819        5.924
      11.801        5.866
      11.856        6.043
      11.852        6.029
      11.808        5.886
      11.814        5.906
      11.829        5.955
      11.859        6.049
      11.850        6.021
      11.795        5.841
      11.834        5.968
      11.825        5.939
      11.856        6.036
      11.861        6.054
      11.848        6.012
      11.839        5.980
      11.803        5.863
      11.866        6.070
      11.863        6.059
      11.821        5.921
      11.846        6.002
      11.843        5.991
      11.866        6.066
      11.865        6.063
      11.810        5.884
      11.816        5.903
      11.831        5.953
      11.859        6.043
      11.855        6.029
      11.797        5.838
      11.837        5.966
      11.828        5.937
      11.854        6.020
      11.862        6.049
      11.804        5.860
      11.823        5.919
      11.841        5.978
      11.811        5.881
      11.859        6.036
      11.851        6.011
      11.818        5.901
      11.865        6.054
      11.845        5.990
      11.849        6.001
      11.834        5.951
      11.798        5.835
      11.867        6.059
      11.870        6.070
      11.869        6.063
      11.870        6.067
      11.858        6.028
      11.863        6.042
      11.806        5.857
      11.830        5.934
      11.839        5.964
      11.813        5.878
      11.825        5.917
      11.857        6.019
      11.820        5.898
      11.844        5.977
      11.866        6.048
      11.854        6.010
      11.848        5.989
      11.862        6.035
      11.852        6.000
      11.836        5.949
      11.868        6.054
      11.808        5.854
      11.871        6.059
      11.832        5.932
      11.875        6.070
      11.861        6.027
      11.841        5.963
      11.815        5.875
      11.872        6.063
      11.874        6.067
      11.866        6.042
      11.827        5.914
      11.821        5.895
      11.846        5.975
      11.860        6.019
      11.838        5.947
      11.851        5.987
      11.869        6.048
      11.857        6.009
      11.809        5.851
      11.854        5.999
      11.866        6.035
      11.834        5.930
      11.816        5.872
      11.872        6.054
      11.844        5.961
      11.829        5.912
      11.823        5.893
      11.864        6.026
      11.874        6.059
      11.869        6.041
      11.878        6.071
      11.876        6.063
      11.849        5.974
      11.878        6.067
      11.811        5.848
      11.840        5.945
      11.863        6.018
      11.853        5.986
      11.860        6.008
      11.857        5.997
      11.818        5.869
      11.873        6.048
      11.836        5.928
      11.869        6.034
      11.825        5.890
      11.831        5.909
      11.846        5.959
      11.876        6.053
      11.812        5.844
      11.868        6.026
      11.851        5.972
      11.843        5.943
      11.878        6.058
      11.873        6.041
      11.820        5.866
      11.866        6.017
      11.856        5.984
      11.880        6.063
      11.882        6.071
      11.881        6.067
      11.838        5.925
      11.863        6.007
      11.860        5.996
      11.827        5.887
      11.833        5.907
      11.848        5.957
      11.876        6.047
      11.872        6.033
      11.854        5.970
      11.845        5.941
      11.821        5.863
      11.879        6.053
      11.871        6.025
      11.840        5.923
      11.828        5.884
      11.858        5.983
      11.876        6.040
      11.835        5.904
      11.869        6.015
      11.882        6.058
      11.862        5.994
      11.866        6.005
      11.884        6.063
      11.851        5.955
      11.886        6.071
      11.885        6.067
      11.875        6.032
      11.880        6.047
      11.823        5.860
      11.847        5.938
      11.856        5.968
      11.830        5.882
      11.842        5.921
      11.874        6.024
      11.836        5.902
      11.883        6.053
      11.861        5.981
      11.871        6.014
      11.879        6.039
      11.865        5.993
      11.853        5.953
      11.869        6.004
      11.885        6.058
      11.824        5.857
      11.887        6.063
      11.849        5.936
      11.889        6.067
      11.890        6.071
      11.832        5.879
      11.878        6.032
      11.858        5.966
      11.883        6.046
      11.844        5.918
      11.838        5.899
      11.863        5.979
      11.877        6.023
      11.855        5.951
      11.886        6.052
      11.868        5.991
      11.874        6.013
      11.871        6.003
      11.882        6.039
      11.833        5.876
      11.851        5.934
      11.889        6.058
      11.840        5.896
      11.846        5.915
      11.861        5.964
      11.891        6.063
      11.881        6.031
      11.893        6.067
      11.886        6.045
      11.894        6.071
      11.866        5.978
      11.857        5.948
      11.879        6.022
      11.870        5.990
      11.835        5.872
      11.877        6.012
      11.874        6.001
      11.889        6.052
      11.853        5.931
      11.842        5.893
      11.886        6.038
      11.848        5.913
      11.863        5.962
      11.892        6.057
      11.884        6.030
      11.868        5.976
      11.894        6.062
      11.859        5.946
      11.889        6.045
      11.836        5.869
      11.896        6.067
      11.898        6.071
      11.882        6.020
      11.873        5.988
      11.855        5.929
      11.843        5.890
      11.880        6.011
      11.877        6.000
      11.849        5.910
      11.865        5.960
      11.893        6.051
      11.889        6.037
      11.896        6.057
      11.861        5.944
      11.870        5.974
      11.887        6.029
      11.845        5.887
      11.857        5.926
      11.898        6.062
      11.892        6.044
      11.851        5.907
      11.875        5.986
      11.885        6.019
      11.879        5.998
      11.900        6.067
      11.882        6.009
      11.901        6.071
      11.867        5.958
      11.896        6.050
      11.892        6.036
      11.863        5.942
      11.873        5.972
      11.846        5.884
      11.858        5.924
      11.853        5.905
      11.890        6.028
      11.899        6.056
      11.877        5.985
      11.888        6.018
      11.896        6.043
      11.882        5.997
      11.869        5.956
      11.901        6.062
      11.885        6.008
      11.903        6.066
      11.905        6.071
      11.865        5.939
      11.848        5.881
      11.895        6.035
      11.875        5.970
      11.899        6.050
      11.860        5.921
      11.854        5.902
      11.880        5.983
      11.893        6.026
      11.902        6.056
      11.871        5.954
      11.884        5.995
      11.891        6.017
      11.888        6.006
      11.899        6.042
      11.905        6.061
      11.867        5.937
      11.856        5.899
      11.862        5.918
      11.877        5.968
      11.907        6.066
      11.898        6.034
      11.909        6.071
      11.902        6.049
      11.882        5.981
      11.873        5.952
      11.896        6.025
      11.886        5.993
      11.893        6.015
      11.905        6.055
      11.890        6.005
      11.869        5.934
      11.858        5.896
      11.864        5.916
      11.902        6.041
      11.879        5.966
      11.908        6.061
      11.900        6.033
      11.910        6.066
      11.884        5.979
      11.875        5.949
      11.905        6.048
      11.912        6.070
      11.899        6.024
      11.859        5.893
      11.889        5.991
      11.871        5.932
      11.865        5.913
      11.896        6.014
      11.893        6.003
      11.909        6.054
      11.881        5.963
      11.905        6.040
      11.911        6.060
      11.877        5.947
      11.887        5.977
      11.903        6.032
      11.873        5.929
      11.914        6.065
      11.867        5.910
      11.908        6.047
      11.891        5.990
      11.901        6.023
      11.916        6.070
      11.895        6.001
      11.899        6.012
      11.883        5.961
      11.912        6.054
      11.908        6.039
      11.879        5.944
      11.889        5.975
      11.874        5.926
      11.869        5.907
      11.915        6.060
      11.906        6.031
      11.893        5.988
      11.911        6.046
      11.904        6.021
      11.917        6.065
      11.898        6.000
      11.885        5.959
      11.901        6.011
      11.919        6.070
      11.881        5.942
      11.911        6.038
      11.915        6.053
      11.870        5.904
      11.891        5.973
      11.876        5.924
      11.909        6.029
      11.896        5.986
      11.918        6.059
      11.887        5.957
      11.900        5.998
      11.907        6.020
      11.904        6.009
      11.914        6.045
      11.920        6.064
      11.883        5.939
      11.878        5.921
      11.922        6.069
      11.893        5.971
      11.913        6.037
      11.918        6.052
      11.898        5.984
      11.889        5.954
      11.912        6.028
      11.902        5.996
      11.921        6.058
      11.909        6.018
      11.885        5.937
      11.906        6.008
      11.879        5.918
      11.917        6.044
      11.895        5.968
      11.924        6.064
      11.926        6.069
      11.916        6.036
      11.900        5.982
      11.891        5.952
      11.921        6.051
      11.914        6.027
      11.887        5.934
      11.905        5.994
      11.881        5.915
      11.912        6.017
      11.908        6.006
      11.924        6.057
      11.897        5.966
      11.920        6.043
      11.927        6.063
      11.893        5.949
      11.902        5.979
      11.919        6.035
      11.888        5.931
      11.924        6.050
      11.907        5.992
      11.917        6.025
      11.911        6.004
      11.914        6.015
      11.899        5.964
      11.927        6.056
      11.923        6.042
      11.895        5.947
      11.904        5.977
      11.890        5.928
      11.930        6.062
      11.922        6.033
      11.909        5.990
      11.927        6.049
      11.919        6.024
      11.901        5.961
      11.913        6.002
      11.917        6.013
      11.897        5.944
      11.930        6.056
      11.926        6.041
      11.891        5.925
      11.906        5.975
      11.924        6.032
      11.911        5.988
      11.933        6.061
      11.903        5.959
      11.922        6.022
      11.915        6.000
      11.930        6.048
      11.919        6.012
      11.898        5.941
      11.908        5.973
      11.929        6.040
      11.933        6.055
      11.913        5.986
      11.905        5.956
      11.927        6.031
      11.936        6.061
      11.918        5.998
      11.924        6.021
      11.900        5.938
      11.921        6.010
      11.933        6.047
      11.910        5.970
      11.931        6.038
      11.936        6.054
      11.906        5.954
      11.915        5.984
      11.929        6.029
      11.920        5.996
      11.927        6.019
      11.924        6.008
      11.939        6.060
      11.912        5.968
      11.935        6.046
      11.908        5.951
      11.917        5.981
      11.934        6.037
      11.939        6.052
      11.922        5.994
      11.932        6.028
      11.926        6.006
      11.929        6.017
      11.914        5.965
      11.942        6.059
      11.938        6.044
      11.910        5.948
      11.919        5.979
      11.937        6.036
      11.924        5.992
      11.942        6.051
      11.934        6.026
      11.916        5.963
      11.928        6.004
      11.932        6.015
      11.941        6.043
      11.921        5.977
      11.939        6.034
      11.926        5.990
      11.918        5.960
      11.937        6.024
      11.930        6.002
      11.945        6.050
      11.934        6.014
      11.923        5.974
      11.943        6.042
      11.928        5.988
      11.942        6.033
      11.933        6.000
      11.939        6.023
      11.936        6.012
      11.947        6.049
      11.925        5.972
      11.946        6.040
      11.930        5.985
      11.944        6.031
      11.935        5.998
      11.942        6.021
      11.938        6.010
      11.950        6.047
      11.932        5.983
      11.949        6.039
      11.937        5.996
      11.947        6.029
      11.941        6.008
      11.944        6.019
      11.951        6.037
      11.939        5.993
      11.949        6.027
      11.943        6.006
      11.946        6.017
      11.951        6.026
      11.945        6.003
      11.948        6.015
